Country, Population Size, Latest Cases, Total Vaccinations, Fully Vaccinated, Total Cases, Total Deaths
Afghanistan, 39835428.0, 70.0, 0, 0, 5.0, 7309.0
Africa, 1373486472.0, 12871.0, 241914260.0, 100753353.0, 8665433.0, 223037.0
Albania, 2872934.0, 228.0, 2101039.0, 961013.0, 200173.0, 3101.0
Algeria, 44616626.0, 192.0, 12076870.0, 5340231.0, 210723.0, 6076.0
Andorra, 77354.0, 311.0, 0, 0, 17426.0, 131.0
Angola, 33933611.0, 15.0, 0, 0, 65183.0, 1735.0
Anguilla, 15125.0, 0, 19914.0, 9213.0, 0, 0
Antigua and Barbuda, 98728.0, 0, 117637.0, 56219.0, 4141.0, 117.0
Argentina, 45605823.0, 1881.0, 68874746.0, 29854090.0, 5332629.0, 116597.0
Armenia, 2968128.0, 502.0, 1217391.0, 436380.0, 339020.0, 7610.0
Aruba, 107195.0, 0, 25766.0, 10166.0, 0, 0
Asia, 4678444992.0, 90341.0, 5474161178.0, 2303972502.0, 556.0, 17.0
Australia, 25788217.0, 4.0, 39375629.0, 18858248.0, 4.0, 2021.0
Austria, 9043072.0, 2.0, 14065322.0, 5977739.0, 2.0, 12553.0
Azerbaijan, 10223344.0, 3.0, 10567919.0, 4573036.0, 3.0, 7884.0
Bahamas, 396914.0, 11.0, 280176.0, 138266.0, 22802.0, 677.0
Bahrain, 1748295.0, 31.0, 2936188.0, 1160067.0, 277721.0, 1394.0
Bangladesh, 166303494.0, 282.0, 98566118.0, 36951959.0, 1576566.0, 27983.0
Barbados, 287708.0, 2.0, 290345.0, 136759.0, 2.0, 231.0
Belarus, 9442867.0, 1792.0, 0, 0, 656510.0, 5098.0
Belgium, 11632334.0, 20409.0, 17121628.0, 8699768.0, 1786444.0, 27072.0
Belize, 404915.0, 86.0, 407766.0, 193188.0, 30517.0, 578.0
Benin, 12451031.0, 13.0, 0, 0, 24863.0, 161.0
Bermuda, 62092.0, 0, 101341.0, 47365.0, 0, 0
Bhutan, 779900.0, 4.0, 0, 0, 2640.0, 3.0
Bolivia, 11832936.0, 2.0, 0, 0, 2.0, 19188.0
Bonaire Sint Eustatius and Saba, 26445.0, 0, 7391.0, 1665.0, 0, 0
Bosnia and Herzegovina, 3263459.0, 2.0, 0, 0, 2.0, 12628.0
Botswana, 2397240.0, 3.0, 0, 0, 3.0, 2418.0
Brazil, 213993441.0, 11413.0, 310770495.0, 134636857.0, 22105872.0, 614964.0
British Virgin Islands, 30423.0, 0, 15031.0, 3776.0, 0, 0
Brunei, 441532.0, 53.0, 752450.0, 348775.0, 15111.0, 97.0
Bulgaria, 6896655.0, 4.0, 3350019.0, 1780797.0, 4.0, 28542.0
Burkina Faso, 21497097.0, 289.0, 0, 0, 16000.0, 286.0
Burundi, 12255429.0, 2.0, 1592.0, 778.0, 2.0, 38.0
Cambodia, 16946446.0, 26.0, 28774496.0, 13384463.0, 120160.0, 2944.0
Cameroon, 27224262.0, 354.0, 953375.0, 595316.0, 107148.0, 1804.0
Canada, 38067913.0, 3227.0, 60779598.0, 29038898.0, 1804094.0, 29767.0
Cape Verde, 561901.0, 23.0, 544075.0, 246960.0, 38393.0, 350.0
Cayman Islands, 66498.0, 0, 123877.0, 55829.0, 0, 0
Central African Republic, 4919987.0, 0, 0, 0, 11708.0, 101.0
Chad, 16914985.0, 0, 258618.0, 72824.0, 5107.0, 175.0
Chile, 19212362.0, 2.0, 40995489.0, 16140415.0, 2.0, 38356.0
China, 1444216102.0, 73.0, 2516380000.0, 1110506000.0, 548.0, 17.0
Colombia, 51265841.0, 2173.0, 57087983.0, 24597537.0, 5071817.0, 128586.0
Comoros, 888456.0, 7.0, 523256.0, 241310.0, 4508.0, 150.0
Congo, 5657017.0, 65.0, 0, 0, 18970.0, 354.0
Cook Islands, 17572.0, 0, 4363.0, 11726.0, 0, 0
Costa Rica, 5139053.0, 120.0, 7137983.0, 3215091.0, 566959.0, 7305.0
Cote d'Ivoire, 27053629.0, 34.0, 0, 0, 61758.0, 704.0
Croatia, 4081657.0, 5709.0, 4154022.0, 1944167.0, 613914.0, 10967.0
Cuba, 11317498.0, 3.0, 28434067.0, 9217347.0, 3.0, 8305.0
Curacao, 164796.0, 0, 19609.0, 4203.0, 0, 0
Cyprus, 896005.0, 492.0, 1310756.0, 583001.0, 134965.0, 598.0
Czechia, 10724553.0, 22042.0, 13598875.0, 6379683.0, 2172084.0, 33186.0
Democratic Republic of Congo, 92377986.0, 72.0, 193416.0, 56167.0, 58306.0, 1107.0
Denmark, 5813302.0, 5182.0, 9829691.0, 4457162.0, 497665.0, 2922.0
Djibouti, 1002197.0, 0, 0, 0, 13504.0, 186.0
Dominica, 72172.0, 73.0, 55524.0, 26760.0, 6028.0, 38.0
Dominican Republic, 10953714.0, 223.0, 13816937.0, 5601216.0, 407474.0, 4210.0
Ecuador, 17888474.0, 6.0, 24662847.0, 11164005.0, 6.0, 33250.0
Egypt, 104258327.0, 938.0, 39914919.0, 15271388.0, 359516.0, 20537.0
El Salvador, 6518500.0, 884.0, 9179875.0, 4059302.0, 119803.0, 3778.0
Equatorial Guinea, 1449891.0, 13.0, 445684.0, 198169.0, 13592.0, 175.0
Eritrea, 3601462.0, 35.0, 0, 0, 7393.0, 60.0
Estonia, 1325188.0, 587.0, 1482433.0, 789967.0, 223171.0, 1803.0
Eswatini, 1172369.0, 97.0, 0, 0, 46753.0, 1248.0
Ethiopia, 117876226.0, 136.0, 9555907.0, 1449410.0, 371672.0, 6771.0
Europe, 748962983.0, 429557.0, 957466140.0, 436048586.0, 75127331.0, 1424536.0
European Union, 447189915.0, 315531.0, 643901084.0, 300899675.0, 47037903.0, 848405.0
Faeroe Islands, 49053.0, 0, 3994.0, 38142.0, 0, 0
Falkland Islands, 3528.0, 0, 4407.0, 1775.0, 0, 0
Fiji, 902899.0, 26.0, 1237108.0, 585788.0, 52532.0, 697.0
Finland, 5548361.0, 1570.0, 8320952.0, 4031696.0, 188108.0, 1348.0
France, 67564251.0, 2.0, 105838515.0, 47151836.0, 2.0, 120208.0
French Polynesia, 282534.0, 0, 2133.0, 155959.0, 0, 0
Gabon, 2278829.0, 44.0, 0, 0, 37342.0, 279.0
Gambia, 2486937.0, 0, 0, 0, 9989.0, 342.0
Georgia, 3979773.0, 4459.0, 2197838.0, 1022459.0, 850102.0, 12119.0
Germany, 83900471.0, 75456.0, 124401062.0, 57101728.0, 5999020.0, 102183.0
Ghana, 31732128.0, 3.0, 0, 0, 3.0, 1209.0
Gibraltar, 33691.0, 0, 420.0, 39820.0, 0, 0
Greece, 10370747.0, 6192.0, 14406712.0, 6618872.0, 945095.0, 18234.0
Greenland, 56868.0, 0, 2584.0, 37431.0, 0, 0
Grenada, 113015.0, 9.0, 74708.0, 34355.0, 5898.0, 200.0
Guatemala, 18249868.0, 452.0, 10070646.0, 4077410.0, 618436.0, 15956.0
Guernsey, 63385.0, 0, 6673.0, 522.0, 0, 0
Guinea, 13497237.0, 7.0, 2459403.0, 800939.0, 30770.0, 387.0
Guinea-Bissau, 2015490.0, 2.0, 368395.0, 19078.0, 2.0, 148.0
Guyana, 790329.0, 77.0, 681103.0, 279658.0, 37951.0, 997.0
Haiti, 11541683.0, 2.0, 0, 0, 2.0, 746.0
Honduras, 10062994.0, 2.0, 7960942.0, 0, 2.0, 10402.0
Hong Kong, 7552800.0, 2.0, 9463529.0, 4535760.0, 2.0, 213.0
Hungary, 9634162.0, 11152.0, 14282270.0, 5852417.0, 1114260.0, 34713.0
Iceland, 343360.0, 161.0, 648600.0, 281192.0, 18055.0, 35.0
India, 1393409033.0, 9765.0, 1245517176.0, 453890633.0, 34606541.0, 469724.0
Indonesia, 276361788.0, 2.0, 236724392.0, 96519346.0, 2.0, 143840.0
International, 0, 61.0, 0, 0, 61.0, 15.0
Iran, 85028760.0, 2.0, 104609358.0, 46328337.0, 2.0, 2.0
Iraq, 41179351.0, 889.0, 12048583.0, 4624482.0, 2082061.0, 23844.0
Ireland, 4982904.0, 3790.0, 8301247.0, 3796968.0, 573905.0, 5707.0
Isle of Man, 85410.0, 0, 3558.0, 64829.0, 0, 0
Israel, 9291000.0, 443.0, 16209987.0, 5778068.0, 1344103.0, 8199.0
Italy, 60367471.0, 2.0, 96951797.0, 44087884.0, 2.0, 133931.0
Jamaica, 2973462.0, 23.0, 1114343.0, 512634.0, 91272.0, 2396.0
Japan, 126050796.0, 115.0, 197266161.0, 97453219.0, 2.0, 18358.0
Jersey, 101073.0, 0, 45758.0, 5621.0, 0, 0
Jordan, 10269022.0, 5047.0, 7896544.0, 3754055.0, 958990.0, 11633.0
Kazakhstan, 18994958.0, 4.0, 16848567.0, 8105460.0, 4.0, 17856.0
Kenya, 54985702.0, 76.0, 7175590.0, 2759827.0, 255164.0, 5335.0
Kiribati, 121388.0, 0, 82167.0, 22675.0, 2.0, 0
Kosovo, 1782115.0, 2.0, 1617512.0, 762675.0, 2.0, 2984.0
Kuwait, 4328553.0, 21.0, 6578646.0, 3165385.0, 413383.0, 2465.0
Kyrgyzstan, 6628347.0, 3.0, 2033611.0, 900435.0, 3.0, 2749.0
Laos, 7379358.0, 2.0, 0, 0, 2.0, 178.0
Latvia, 1866934.0, 1031.0, 2204205.0, 1195028.0, 254690.0, 4213.0
Lebanon, 6769151.0, 1892.0, 3608619.0, 1689417.0, 672548.0, 8735.0
Lesotho, 2159067.0, 28.0, 0, 0, 21807.0, 663.0
Liberia, 5180208.0, 5.0, 0, 0, 5.0, 287.0
Libya, 6958538.0, 574.0, 2335862.0, 652314.0, 373210.0, 5466.0
Liechtenstein, 38254.0, 67.0, 51118.0, 25039.0, 4745.0, 61.0
Lithuania, 2689862.0, 1941.0, 3720941.0, 1784357.0, 472239.0, 6759.0
Luxembourg, 634814.0, 585.0, 917455.0, 429705.0, 89766.0, 876.0
Macao, 658391.0, 0, 918971.0, 435527.0, 0, 0
Madagascar, 28427333.0, 3.0, 685440.0, 484570.0, 3.0, 967.0
Malawi, 19647681.0, 10.0, 1431650.0, 605045.0, 61926.0, 2306.0
Malaysia, 32776195.0, 5439.0, 53438354.0, 25386777.0, 2638221.0, 30474.0
Maldives, 543620.0, 4.0, 772056.0, 364082.0, 4.0, 251.0
Mali, 20855724.0, 2.0, 847067.0, 320681.0, 2.0, 610.0
Malta, 516100.0, 95.0, 959906.0, 432343.0, 39530.0, 468.0
Marshall Islands, 59618.0, 2.0, 0, 0, 2.0, 0
Mauritania, 4775110.0, 73.0, 0, 0, 39339.0, 835.0
Mauritius, 1273428.0, 3.0, 0, 0, 3.0, 240.0
Mexico, 130262220.0, 6652.0, 132840902.0, 65089672.0, 3891218.0, 294428.0
Micronesia (country), 116255.0, 0, 0, 0, 0, 0
Moldova, 4024025.0, 659.0, 1625371.0, 937115.0, 364433.0, 9141.0
Monaco, 39520.0, 59.0, 0, 0, 3797.0, 36.0
Mongolia, 3329282.0, 441.0, 4412537.0, 2151702.0, 382523.0, 2008.0
Montenegro, 628051.0, 2.0, 531669.0, 256556.0, 2.0, 2310.0
Montserrat, 4981.0, 0, 2949.0, 1417.0, 0, 0
Morocco, 37344787.0, 171.0, 48782427.0, 22730482.0, 950088.0, 14779.0
Mozambique, 32163045.0, 46.0, 10145909.0, 3723693.0, 151594.0, 1941.0
Myanmar, 54806014.0, 8.0, 0, 0, 8.0, 19111.0
Namibia, 2587344.0, 2.0, 0, 0, 2.0, 3573.0
Nauru, 10873.0, 0, 14863.0, 7251.0, 0, 0
Nepal, 29674920.0, 285.0, 0, 0, 821651.0, 11529.0
Netherlands, 17173094.0, 18595.0, 24636432.0, 12721528.0, 2703052.0, 19909.0
New Caledonia, 288217.0, 0, 1118.0, 169288.0, 0, 0
New Zealand, 5122600.0, 172.0, 7616944.0, 3632748.0, 11896.0, 44.0
Nicaragua, 6702379.0, 102.0, 6376188.0, 2322298.0, 17254.0, 213.0
Niger, 25130810.0, 18.0, 971636.0, 464413.0, 7007.0, 259.0
Nigeria, 211400704.0, 52.0, 0, 0, 214270.0, 2978.0
Niue, 1614.0, 0, 2352.0, 1150.0, 0, 0
North America, 596581283.0, 149788.0, 749369707.0, 327150949.0, 58241029.0, 1171373.0
North Macedonia, 2082661.0, 410.0, 0, 0, 215995.0, 7592.0
Northern Cyprus, 0, 0, 617389.0, 275988.0, 0, 0
Norway, 5465629.0, 3780.0, 8668799.0, 3832159.0, 271623.0, 1092.0
Oceania, 43219954.0, 1958.0, 50220332.0, 23895956.0, 313067.0, 3309.0
Oman, 5223376.0, 2.0, 0, 0, 2.0, 4113.0
Pakistan, 225199929.0, 2.0, 124054300.0, 50735744.0, 2.0, 28745.0
Palau, 18174.0, 0, 0, 0, 8.0, 0
Palestine, 5222756.0, 4.0, 0, 0, 4.0, 4803.0
Panama, 4381583.0, 248.0, 5620247.0, 2429485.0, 477990.0, 7367.0
Papua New Guinea, 9119005.0, 58.0, 467166.0, 197800.0, 35237.0, 546.0
Paraguay, 7219641.0, 63.0, 6060065.0, 2612265.0, 463121.0, 16474.0
Peru, 33359415.0, 1381.0, 41843357.0, 18466153.0, 2236351.0, 201176.0
Philippines, 111046910.0, 304.0, 89070292.0, 36869419.0, 2833038.0, 48712.0
Pitcairn, 47.0, 0, 47.0, 47.0, 0, 0
Poland, 37797000.0, 29076.0, 42033071.0, 20456289.0, 3569137.0, 84153.0
Portugal, 10167923.0, 4670.0, 0, 0, 1151919.0, 18458.0
Qatar, 2930524.0, 160.0, 4989421.0, 0, 243607.0, 611.0
Romania, 19127772.0, 1141.0, 14927256.0, 7431916.0, 1780808.0, 56618.0
Russia, 145912022.0, 2.0, 127545634.0, 57037594.0, 2.0, 271091.0
Rwanda, 13276517.0, 13.0, 0, 0, 100362.0, 1343.0
Saint Helena, 6095.0, 0, 107.0, 3531.0, 0, 0
Saint Kitts and Nevis, 53546.0, 2.0, 52386.0, 24875.0, 2.0, 28.0
Saint Lucia, 184401.0, 17.0, 101057.0, 46607.0, 13017.0, 280.0
Saint Vincent and the Grenadines, 111269.0, 37.0, 54462.0, 22634.0, 5562.0, 74.0
Samoa, 200144.0, 0, 248729.0, 108864.0, 3.0, 0
San Marino, 34010.0, 45.0, 0, 0, 6084.0, 93.0
Sao Tome and Principe, 223364.0, 4.0, 121357.0, 38074.0, 4.0, 56.0
Saudi Arabia, 35340680.0, 34.0, 47449878.0, 22470514.0, 549786.0, 8837.0
Senegal, 17196308.0, 3.0, 1910830.0, 924182.0, 73990.0, 1885.0
Serbia, 6871547.0, 2180.0, 7899611.0, 3123638.0, 1257025.0, 11744.0
Seychelles, 98910.0, 6.0, 179462.0, 77951.0, 6.0, 127.0
Sierra Leone, 8141343.0, 0, 868726.0, 361089.0, 6402.0, 121.0
Singapore, 5453600.0, 1324.0, 0, 0, 266049.0, 726.0
Sint Maarten (Dutch part), 43421.0, 0, 24634.0, 9956.0, 0, 0
Slovakia, 5460726.0, 12362.0, 4989920.0, 2346758.0, 1182562.0, 14503.0
Slovenia, 2078723.0, 2264.0, 2688239.0, 1151722.0, 423162.0, 5240.0
Solomon Islands, 703995.0, 2.0, 208046.0, 46525.0, 2.0, 0
Somalia, 16359500.0, 0, 0, 0, 23016.0, 1327.0
South Africa, 60041996.0, 8561.0, 25782259.0, 14561395.0, 2976613.0, 89871.0
South America, 434260137.0, 19741.0, 592609614.0, 254436601.0, 38960894.0, 1182049.0
South Korea, 51305184.0, 5262.0, 85349216.0, 41061655.0, 457612.0, 3705.0
South Sudan, 11381377.0, 19.0, 0, 0, 12777.0, 133.0
Spain, 46745211.0, 10536.0, 76680144.0, 37624032.0, 5174720.0, 88080.0
Sri Lanka, 21497306.0, 744.0, 29682085.0, 13749891.0, 564733.0, 14372.0
Sudan, 44909351.0, 145.0, 0, 0, 43229.0, 3159.0
Suriname, 591798.0, 34.0, 476893.0, 219236.0, 50882.0, 1169.0
Sweden, 10160159.0, 2639.0, 15894823.0, 7146405.0, 1207498.0, 15161.0
Switzerland, 8715494.0, 10467.0, 11914527.0, 5700793.0, 1025129.0, 11548.0
Syria, 18275704.0, 97.0, 1422377.0, 739210.0, 48267.0, 2755.0
Taiwan, 23855008.0, 8.0, 31810156.0, 13538021.0, 16609.0, 848.0
Tajikistan, 9749625.0, 15.0, 0, 0, 15.0, 125.0
Tanzania, 61498438.0, 9.0, 0, 0, 26270.0, 730.0
Thailand, 69950844.0, 4886.0, 93231463.0, 41485442.0, 2120758.0, 20814.0
Timor, 1343875.0, 2.0, 0, 0, 19825.0, 122.0
Togo, 8478242.0, 8.0, 1665087.0, 567834.0, 26273.0, 243.0
Tokelau, 1368.0, 0, 1936.0, 968.0, 0, 0
Tonga, 106759.0, 0, 2287.0, 45002.0, 0, 0
Trinidad and Tobago, 1403374.0, 2.0, 1290935.0, 644888.0, 2.0, 2177.0
Tunisia, 11935764.0, 138.0, 10560342.0, 5156641.0, 717710.0, 25376.0
Turkey, 85042736.0, 22556.0, 120516813.0, 50505240.0, 8820114.0, 77038.0
Turkmenistan, 6117933.0, 0, 51746.0, 19506.0, 0, 0
Turks and Caicos Islands, 39226.0, 0, 56343.0, 27133.0, 0, 0
Tuvalu, 11925.0, 0, 2400.0, 5884.0, 0, 0
Uganda, 47123533.0, 39.0, 0, 0, 127589.0, 3252.0
Ukraine, 43466822.0, 12601.0, 24952848.0, 11434041.0, 3619223.0, 91860.0
United Arab Emirates, 9991083.0, 4.0, 0, 0, 4.0, 2148.0
United Kingdom, 68207114.0, 2.0, 116001687.0, 46399306.0, 2.0, 145586.0
United States, 332915074.0, 137602.0, 462263845.0, 195857569.0, 48692492.0, 782100.0
Uruguay, 3485152.0, 4.0, 6796392.0, 2657437.0, 4.0, 6131.0
Uzbekistan, 33935765.0, 216.0, 33672515.0, 0, 193424.0, 1406.0
Vanuatu, 314464.0, 0, 0, 0, 6.0, 0
Vatican, 812.0, 0, 0, 0, 27.0, 0
Venezuela, 28704947.0, 2.0, 26314390.0, 9858581.0, 2.0, 5161.0
Vietnam, 98168829.0, 2.0, 122083464.0, 50940072.0, 2.0, 25448.0
Wallis and Futuna, 11094.0, 0, 1286.0, 5923.0, 0, 0
World, 7874965730.0, 704256.0, 8065741231.0, 3446257947.0, 557.0, 17.0
Yemen, 30490639.0, 2.0, 774953.0, 361351.0, 10006.0, 1950.0
Zambia, 18920657.0, 2.0, 1086607.0, 691735.0, 2.0, 3667.0
Zimbabwe, 15092171.0, 712.0, 6640440.0, 2830540.0, 135337.0, 4707.0
